RUN NO OPTIMISATION

[9102870,
72952522,
245319576,
601896191,
1181908811,
2036199002,
3307251007,
4885165963,
6998298818,
9422353610,
12570256347,
16620476517,
20947859176,
27077661363,
33689801895]

RUN OPTIMISATION

 [2821972,
 28379393,
 90447904,
 209945378,
 415748272,
 740861830,
 1295163388,
 1861470116,
 2649276680,
 3817256482,
 5224313878,
 6534126738,
 8439327276,
 11704734476,
 13343157364]


RUN VECTOR

[718446,
5833809,
21627788,
56107521,
111089481,
193568093,
311542591,
496585326,
712785793,
964874806,
1300715581,
1761700038,
2456036513,
3189672380,
4095521249]